15 53 30 4
1 2 3 4 5 6 7 8 9 10 11 12 13 14 15
1 2 3 4 5 6 7 8 9 10 11 12 13 15
1 2 3 4 5 6 7 8 9 13 14 15
1 2 3 4 5 6 7 8 9 13 15
1 2 3 4 5 6 7 10 11 12 13 14 15
1 2 3 4 5 6 7 10 11 12 13 15
1 2 3 4 5 6 7 13 14 15
1 2 3 4 5 6 7 13 15
1 2 3 4 5 6 14 15
1 2 3 4 5 6 15
1 2 3 7 8 9 10 11 12 13 14 15
1 2 3 7 8 9 10 11 12 13 15
1 2 3 7 8 9 13 14 15
1 2 3 7 8 9 13 15
1 2 3 7 10 11 12 13 14 15
1 2 3 7 10 11 12 13 15
1 2 3 7 13 14 15
1 2 3 7 13 15
1 2 3 14 15
1 2 3 15
1 2 14 15
1 2 15
3 4 5 6 7 8 9 10 11 12 13 14
3 4 5 6 7 8 9 10 11 12 13
3 4 5 6 7 8 9 13 14
3 4 5 6 7 8 9 13
3 4 5 6 7 10 11 12 13 14
3 4 5 6 7 10 11 12 13
3 4 5 6 7 13 14
3 4 5 6 7 13
3 4 5 6 14
3 4 5 6
3 7 8 9 10 11 12 13 14
3 7 8 9 10 11 12 13
3 7 8 9 13 14
3 7 8 9 13
3 7 10 11 12 13 14
3 7 10 11 12 13
3 7 13 14
3 7 13
3 14
4 5 6 7 8 9 10 11 12 13
4 5 6 7 8 9 13
4 5 6 7 10 11 12 13
4 5 6 7 13
4 5 6
7 8 9 10 11 12 13
7 8 9 13
7 10 11 12 13
7 13
8 9 10 11 12
8 9
10 11 12
0 200 14 0 0 16 28 25 5 23 0 31 0 3 107
108 0 0 43 13 0 33 25 24 0 3 6 18 35 0
19 0 0 16 2 1 0 1 4 4 0 0 9 1 15
0 0 3 0 0 0 0 3 0 2 0 3 0 3 4
31 52 0 0 0 5 8 0 6 3 0 22 11 9 3
4 0 1 0 1 0 0 6 1 3 2 1 6 0 0
7 0 0 10 3 2 0 3 0 3 0 10 0 2 3
0 0 3 5 0 0 0 0 5 0 8 13 0 6 0
3 17 1 7 0 1 0 7 0 3 1 0 0 3 5
20 22 5 0 0 1 3 9 0 0 3 0 2 1 0
0 9 4 0 2 0 4 2 1 3 0 0 6 2 0
29 8 0 3 0 2 1 4 1 0 0 0 5 1 2
59 11 12 11 1 1 0 0 4 1 6 12 0 3 14
9 11 2 14 0 1 2 0 0 1 2 3 9 0 17
93 0 26 55 1 0 13 31 17 0 17 11 14 21 0
10000 80 10000 10000 10000 10000 10000 10000 10000 10000 10000 10000 10000 10000 10000
10000 10000 170 10000 10000 10000 10000 10000 10000 10000 10000 10000 10000 280 270
10000 10000 10000 70 10000 10000 90 10000 10000 10000 10000 10000 10000 270 260
10000 10000 10000 10000 60 10000 10000 10000 10000 10000 10000 10000 10000 10000 10000
10000 10000 10000 10000 10000 60 10000 10000 10000 10000 10000 10000 10000 10000 10000
10000 10000 180 90 10000 10000 70 10000 10000 10000 10000 10000 10000 250 240
10000 10000 10000 10000 10000 10000 10000 110 10000 220 10000 10000 150 10000 10000
10000 10000 10000 10000 10000 10000 10000 10000 60 10000 10000 10000 10000 10000 10000
10000 10000 10000 10000 10000 10000 10000 170 10000 240 10000 10000 170 10000 10000
10000 10000 10000 10000 10000 10000 10000 10000 10000 10000 40 10000 10000 10000 10000
10000 10000 10000 10000 10000 10000 10000 10000 10000 10000 10000 100 10000 10000 10000
10000 10000 10000 10000 10000 10000 10000 140 10000 250 10000 10000 140 10000 10000
10000 10000 180 90 10000 10000 110 10000 10000 10000 10000 10000 10000 250 240
10000 10000 200 10000 10000 10000 10000 10000 10000 10000 10000 10000 10000 10000 260
80 10000 10000 10000 10000 10000 10000 10000 10000 10000 10000 10000 10000 10000 10000
